./ム.bmp
0000000000000000
0000000100000000
0000000100000000
0000000100000000
0000000100000000
0000000100000000
0000001000000000
0000001000100000
0000001000010000
0000010000010000
0000010000001000
0000100111111000
0011111000000100
0000000000000100
0000000000000100
0000000000000000
./ゴ.bmp
0000000000000010
0000000000001001
0000000000000101
0011111111111100
0000000000001000
0000000000001000
0000000000001000
0000000000001000
0000000000001000
0000000000001000
0000000000001000
0000000000001000
0011111111111000
0000000000001000
0000000000000000
0000000000000000
./ヵ.bmp
0000000000000000
0000000000000000
0000000000000000
0000000000000000
0000000100000000
0000000100000000
0000000100000000
0001111111110000
0000000100010000
0000000100010000
0000000100010000
0000001000010000
0000001000010000
0000010000010000
0000100001100000
0000000000000000
./グ.bmp
0000000000000010
0000000100001001
0000000100000101
0000001111110100
0000001000010000
0000010000010000
0000100000100000
0001000000100000
0010000001000000
0000000001000000
0000000010000000
0000000100000000
0000001000000000
0000110000000000
0011000000000000
0000000000000000
./ャ.bmp
0000000000000000
0000000000000000
0000000000000000
0000000000000000
0000000000000000
0000001000000000
0000001000000000
0000000100111000
0000000111001000
0000011100010000
0001100100100000
0000000010000000
0000000010000000
0000000001000000
0000000001000000
0000000001000000
./ラ.bmp
0000000000000000
0000000000000000
0001111111111000
0000000000000000
0000000000000000
0000000000000000
0011111111111100
0000000000000100
0000000000000100
0000000000001000
0000000000001000
0000000000010000
0000000001100000
0000000110000000
0000111000000000
0000000000000000
./ザ.bmp
0000000000000010
0000010000011001
0000010000010101
0000010000010100
0000010000010000
0111111111111110
0000010000010000
0000010000010000
0000010000010000
0000010000010000
0000010000100000
0000000000100000
0000000001000000
0000000010000000
0000001100000000
0000000000000000
./デ.bmp
0000000000000000
0000000000000100
0000000000010010
0000111111101010
0000000000001000
0000000000000000
0000000000000000
0011111111111110
0000000001000000
0000000001000000
0000000001000000
0000000010000000
0000000010000000
0000000100000000
0000011000000000
0000000000000000
./ヱ.bmp
0000000000000000
0000000000000000
0000000000000000
0001111111111000
0000000000010000
0000000000100000
0000000101000000
0000000100000000
0000000100000000
0000000100000000
0000000100000000
0000000100000000
0111111111111100
0000000000000000
0000000000000000
0000000000000000
./ィ.bmp
0000000000000000
0000000000000000
0000000000000000
0000000000000000
0000000000000000
0000000000010000
0000000000100000
0000000001000000
0000000010000000
0000001110000000
0000110010000000
0000000010000000
0000000010000000
0000000010000000
0000000010000000
0000000000000000
./レ.bmp
0000000000000000
0000010000000000
0000010000000000
0000010000000000
0000010000000000
0000010000000000
0000010000000000
0000010000000000
0000010000000100
0000010000000100
0000010000001000
0000010000010000
0000010000100000
0000010011000000
0000011100000000
0000000000000000
./ヌ.bmp
0000000000000000
0000000000000000
0000000000000000
0000111111111000
0000000000001000
0000000000010000
0000000000010000
0000011000100000
0000000110100000
0000000001000000
0000000010100000
0000000100010000
0000001000001000
0000110000000100
0011000000000000
0000000000000000
./ユ.bmp
0000000000000000
0000000000000000
0000000000000000
0000000000000000
0001111111100000
0000000000100000
0000000000100000
0000000000100000
0000000000100000
0000000000100000
0000000000100000
0000000000100000
0111111111111110
0000000000000000
0000000000000000
0000000000000000
./エ.bmp
0000000000000000
0000000000000000
0000000000000000
0000000000000000
0001111111111000
0000000010000000
0000000010000000
0000000010000000
0000000010000000
0000000010000000
0000000010000000
0000000010000000
0111111111111110
0000000000000000
0000000000000000
0000000000000000
./ァ.bmp
0000000000000000
0000000000000000
0000000000000000
0000000000000000
0000000000000000
0000000000000000
0000000000000000
0001111111110000
0000000100010000
0000000100100000
0000000101000000
0000000100000000
0000000100000000
0000001000000000
0000010000000000
0000000000000000
./ョ.bmp
0000000000000000
0000000000000000
0000000000000000
0000000000000000
0000000000000000
0000000000000000
0000011111110000
0000000000010000
0000000000010000
0000000000010000
0000011111110000
0000000000010000
0000000000010000
0000000000010000
0000011111110000
0000000000000000
./ジ.bmp
0000000000000000
0000000000000100
0000110000010010
0000001000001010
0000000000001000
0000000000000010
0001100000000010
0000010000000100
0000000000000100
0000000000001000
0000000000010000
0000000000100000
0000000011000000
0000001100000000
0001110000000000
0000000000000000
./ピ.bmp
0000000000000000
0010000000001100
0010000000010010
0010000000010010
0010000000001100
0010000001100000
0010001110000000
0011110000000000
0010000000000000
0010000000000000
0010000000000000
0010000000000000
0001000000000000
0000111111110000
0000000000000000
0000000000000000
./ソ.bmp
0000000000000000
0000000000000000
0000000000000100
0001000000000100
0000100000000100
0000010000000100
0000010000001000
0000010000001000
0000000000010000
0000000000010000
0000000000100000
0000000001000000
0000000010000000
0000001100000000
0000110000000000
0000000000000000
./ュ.bmp
0000000000000000
0000000000000000
0000000000000000
0000000000000000
0000000000000000
0000000000000000
0000000000000000
0000000000000000
0000111111000000
0000000001000000
0000000001000000
0000000001000000
0000000001000000
0011111111111000
0000000000000000
0000000000000000
./テ.bmp
0000000000000000
0000000000000000
0000000000000000
0000111111111000
0000000000000000
0000000000000000
0000000000000000
0011111111111110
0000000001000000
0000000001000000
0000000001000000
0000000010000000
0000000010000000
0000000100000000
0000011000000000
0000000000000000
./ル.bmp
0000000000000000
0000000001000000
0000000001000000
0000010001000000
0000010001000000
0000010001000000
0000010001000001
0000010001000001
0000010001000010
0000010001000010
0000010001000100
0000100001001000
0000100001010000
0001000001100000
0010000000000000
0000000000000000
./オ.bmp
0000000000000000
0000000000100000
0000000000100000
0000000000100000
0001111111111110
0000000000100000
0000000001100000
0000000010100000
0000000010100000
0000000100100000
0000001000100000
0000010000100000
0001100000100000
0000000000100000
0000000011100000
0000000000000000
./ダ.bmp
0000000000000010
0000000100001001
0000000100000101
0000000111111100
0000001000000100
0000010000001000
0000100000001000
0011001100010000
0000000011010000
0000000000100000
0000000001000000
0000000010000000
0000000100000000
0000011000000000
0011100000000000
0000000000000000
./プ.bmp
0000000000000000
0000000000000110
0000000000001001
0011111111111001
0000000000001110
0000000000001000
0000000000010000
0000000000010000
0000000000100000
0000000000100000
0000000001000000
0000000010000000
0000000100000000
0000011000000000
0001100000000000
0000000000000000
./ヲ.bmp
0000000000000000
0000000000000000
0000111111111100
0000000000000100
0000000000000100
0000000000000100
0000011111111100
0000000000001000
0000000000001000
0000000000010000
0000000000100000
0000000001000000
0000000110000000
0000111000000000
0000000000000000
0000000000000000
./ミ.bmp
0000000000000000
0000011000000000
0000000110000000
0000000001100000
0000000000010000
0000000000000000
0000011000000000
0000000110000000
0000000001000000
0000000000100000
0001000000000000
0000110000000000
0000001100000000
0000000011000000
0000000000100000
0000000000010000
./ェ.bmp
0000000000000000
0000000000000000
0000000000000000
0000000000000000
0000000000000000
0000000000000000
0000000000000000
0000000000000000
0000111111100000
0000000100000000
0000000100000000
0000000100000000
0000000100000000
0000000100000000
0001111111110000
0000000000000000
./ヷ.bmp
0000000000000000
0000000000000000
0000000000000000
0000000000000000
0111111111100000
0100000000000000
0100000000100000
0100000000100000
0100000000000000
0000000000000000
0000000000000000
0000000010000000
0000000000000000
0000100000000000
0000000000000000
0000000000000000
./ガ.bmp
0000000000000000
0000000100000010
0000000100001001
0000000100000101
0011111111111100
0000000100001000
0000000100001000
0000000100001000
0000000100001000
0000001000001000
0000001000001000
0000010000001000
0000100000001000
0001000000010000
0010000001100000
0000000000000000
./ワ.bmp
0000000000000000
0000000000000000
0000000000000000
0011111111111000
0010000000001000
0010000000001000
0010000000001000
0010000000001000
0000000000001000
0000000000010000
0000000000010000
0000000000100000
0000000001000000
0000000110000000
0000011000000000
0000000000000000
./ナ.bmp
0000000000000000
0000000001000000
0000000001000000
0000000001000000
0000000001000000
0011111111111110
0000000001000000
0000000001000000
0000000001000000
0000000001000000
0000000001000000
0000000010000000
0000000010000000
0000001100000000
0000110000000000
0000000000000000
./ゾ.bmp
0000000000000000
0000000000000100
0000000000010010
0010000000001010
0001000000001000
0000100000001000
0000100000010000
0000100000010000
0000000000100000
0000000000100000
0000000001000000
0000000010000000
0000000100000000
0000011000000000
0001100000000000
0000000000000000
./ヴ.bmp
0000000010000000
0000000010000010
0000000010001001
0000000010000101
0001111111111100
0001000000000100
0001000000000100
0001000000000100
0001000000000100
0000000000001000
0000000000001000
0000000000010000
0000000000100000
0000000011000000
0000001100000000
0000000000000000
./a.out
1011110000000001
1111010110110101
1001111111111111
1011010110111101
1011110111111100
1011110111110101
1111110111011101
1011110110111101
1011110110110101
1101010110111101
1011011110111111
1011110110111101
1111110110111111
1111110111011111
1011110110111101
0101110111111101
./モ.bmp
0000000000000000
0000000000000000
0001111111110000
0000001000000000
0000001000000000
0000001000000000
0000001000000000
0111111111111100
0000001000000000
0000001000000000
0000001000000000
0000001000000000
0000000100000000
0000000011111000
0000000000000000
0000000000000000
./ケ.bmp
0000000000000000
0000010000000000
0000010000000000
0000010000000000
0000011111111110
0000010000100000
0000100000100000
0000100000100000
0001000000100000
0010000000100000
0000000001000000
0000000001000000
0000000010000000
0000000100000000
0000011000000000
0000000000000000
./ン.bmp
0000000000000000
0000000000000000
0000000000000000
0001100000000000
0000010000000000
0000001000000010
0000000000000010
0000000000000100
0000000000000100
0000000000001000
0000000000010000
0000000000100000
0000000011000000
0000001100000000
0001110000000000
0000000000000000
./タ.bmp
0000000000000000
0000000100000000
0000000100000000
0000000111111100
0000001000000100
0000010000001000
0000100000001000
0011001100010000
0000000011010000
0000000000100000
0000000001000000
0000000010000000
0000000100000000
0000011000000000
0011100000000000
0000000000000000
./ギ.bmp
0000000000000000
0000000100000100
0000000100010010
0000000100011010
0000000111101000
0001111010000000
0000000010000000
0000000010001110
0000000011110000
0000001101000000
0011110001000000
0000000001000000
0000000001000000
0000000000100000
0000000000100000
0000000000100000
./ツ.bmp
0000000000000000
0000000000000000
0000001000000000
0010000100000100
0001000100000100
0001000100000100
0001000000001000
0000000000001000
0000000000010000
0000000000010000
0000000000100000
0000000001000000
0000000010000000
0000001100000000
0000110000000000
0000000000000000
./ヰ.bmp
0000000000000000
0000000001000000
0000000001000000
0000000001000000
0011111111111100
0000100001000000
0000100001000000
0000100001000000
0000100001000000
0000100001000000
0111111111111110
0000000001000000
0000000001000000
0000000001000000
0000000001000000
0000000000000000
./マ.bmp
0000000000000000
0000000000000000
0000000000000000
0011111111111110
0000000000000100
0000000000000100
0000000000001000
0000000000010000
0000110000100000
0000001101000000
0000000010000000
0000000001000000
0000000000100000
0000000000100000
0000000000000000
0000000000000000
./ヸ.bmp
0000000000000000
0000000000000000
0000000001000000
0000000001000000
0000000001000000
0000111111110000
0000010001000000
0000010001000000
0000010001000000
0000010001000000
0011111111111110
0000000001000000
0000000001000000
0000000001000000
0000000001000000
0000000000000000
./ヹ.bmp
0000000000000000
0000000000000000
0000000000000000
0000000000000000
0001111111110000
0000000000000000
0000000000000000
0000000100000000
0000000100000000
0000000100000000
0000000100000000
0000000100000000
0111111111111100
0000000000000000
0000000000000000
0000000000000000
./ベ.bmp
0000000000000000
0000000000000000
0000000000000100
0000000000010010
0000001100001010
0000010010001000
0000100001000000
0001000000100000
0010000000010000
0100000000001000
0000000000000100
0000000000000010
0000000000000000
0000000000000000
0000000000000000
0000000000000000
./ホ.bmp
0000000000000000
0000000010000000
0000000010000000
0000000010000000
0011111111111110
0000000010000000
0000000010000000
0000010010010000
0000010010001000
0000010010000100
0000100010000100
0000100010000010
0001000010000010
0010000010000000
0000000110000000
0000000000000000
./ク.bmp
0000000000000000
0000000010000000
0000000010000000
0000000111111100
0000000100000100
0000001000001000
0000010000001000
0000100000010000
0001000000010000
0000000000100000
0000000001000000
0000000010000000
0000000100000000
0000011000000000
0001100000000000
0000000000000000
./イ.bmp
0000000000000000
0000000000010000
0000000000010000
0000000000100000
0000000001000000
0000000010000000
0000001110000000
0000110010000000
0011000010000000
0000000010000000
0000000010000000
0000000010000000
0000000010000000
0000000010000000
0000000010000000
0000000000000000
./ウ.bmp
0000000000000000
0000000010000000
0000000010000000
0000000010000000
0001111111111100
0001000000000100
0001000000000100
0001000000000100
0001000000000100
0000000000001000
0000000000001000
0000000000010000
0000000000100000
0000000011000000
0000001100000000
0000000000000000
./ヮ.bmp
0000000000000000
0000000000000000
0000000000000000
0000000000000000
0000000000000000
0000000000000000
0000111111111000
0000100000001000
0000100000001000
0000100000001000
0000000000010000
0000000000010000
0000000000100000
0000000001000000
0000000110000000
0000000000000000
./バ.bmp
0000000000000000
0000000000000100
0000000000010010
0000010001001010
0000010000101000
0000010000010000
0000010000010000
0000100000001000
0000100000001000
0000100000000100
0001000000000100
0001000000000010
0010000000000010
0100000000000010
0000000000000000
0000000000000000
./カ.bmp
0000000000000000
0000000100000000
0000000100000000
0000000100000000
0011111111111000
0000000100001000
0000000100001000
0000000100001000
0000000100001000
0000001000001000
0000001000001000
0000010000001000
0000100000001000
0001000000010000
0010000001100000
0000000000000000
./ニ.bmp
0000000000000000
0000000000000000
0000000000000000
0000000000000000
0001111111111000
0000000000000000
0000000000000000
0000000000000000
0000000000000000
0000000000000000
0000000000000000
0111111111111110
0000000000000000
0000000000000000
0000000000000000
0000000000000000
./ポ.bmp
0000000000000000
0000000010000110
0000000010001001
0000000010001001
0011111111111110
0000000010000000
0000000010000000
0000010010010000
0000010010001000
0000010010000100
0000100010000100
0000100010000010
0001000010000010
0010000010000000
0000000110000000
0000000000000000
./ボ.bmp
0000000000000000
0000000010000010
0000000010001001
0000000010000101
0011111111111100
0000000010000000
0000000010000000
0000010010010000
0000010010001000
0000010010000100
0000100010000100
0000100010000010
0001000010000010
0010000010000000
0000000110000000
0000000000000000
./ゥ.bmp
0000000000000000
0000000000000000
0000000000000000
0000000000000000
0000000010000000
0000000010000000
0000000010000000
0000111111111000
0000100000001000
0000100000001000
0000100000010000
0000000000010000
0000000000100000
0000000011000000
0000001100000000
0000000000000000
./ト.bmp
0000000000000000
0000001000000000
0000001000000000
0000001000000000
0000001000000000
0000001000000000
0000001000000000
0000001110000000
0000001001100000
0000001000010000
0000001000001000
0000001000000000
0000001000000000
0000001000000000
0000001000000000
0000001000000000
./ゲ.bmp
0000000000000000
0000010000000010
0000010000001001
0000010000000101
0000011111111100
0000010000100000
0000100000100000
0000100000100000
0001000000100000
0010000000100000
0000000001000000
0000000001000000
0000000010000000
0000000100000000
0000011000000000
0000000000000000
./ビ.bmp
0000000000000000
0001000000000100
0001000000010010
0001000000001010
0001000000001000
0001000000110000
0001000111000000
0001111000000000
0001000000000000
0001000000000000
0001000000000000
0001000000000000
0000100000000000
0000011111111000
0000000000000000
0000000000000000
./ハ.bmp
0000000000000000
0000000000000000
0000000000000000
0000010001000000
0000010000100000
0000010000010000
0000010000010000
0000100000001000
0000100000001000
0000100000000100
0001000000000100
0001000000000010
0010000000000010
0100000000000010
0000000000000000
0000000000000000
./ヘ.bmp
0000000000000000
0000000000000000
0000000000000000
0000000000000000
0000001100000000
0000010010000000
0000100001000000
0001000000100000
0010000000010000
0100000000001000
0000000000000100
0000000000000010
0000000000000000
0000000000000000
0000000000000000
0000000000000000
./ヒ.bmp
0000000000000000
0001000000000000
0001000000000000
0001000000000000
0001000000000000
0001000000110000
0001000111000000
0001111000000000
0001000000000000
0001000000000000
0001000000000000
0001000000000000
0000100000000000
0000011111111000
0000000000000000
0000000000000000
./ネ.bmp
0000000010000000
0000000010000000
0000000010000000
0001111111111000
0000000000001000
0000000000010000
0000000000100000
0000000001000000
0000000110110000
0000011010001100
0011100010000010
0000000010000000
0000000010000000
0000000010000000
0000000010000000
0000000000000000
./シ.bmp
0000000000000000
0000000000000000
0000110000000000
0000001000000000
0000000000000000
0000000000000010
0001100000000010
0000010000000100
0000000000000100
0000000000001000
0000000000010000
0000000000100000
0000000011000000
0000001100000000
0001110000000000
0000000000000000
./チ.bmp
0000000000000000
0000000000010000
0000000011100000
0001111110000000
0000000010000000
0000000010000000
0000000010000000
0111111111111100
0000000010000000
0000000010000000
0000000010000000
0000000100000000
0000000100000000
0000001000000000
0000110000000000
0000000000000000
./ペ.bmp
0000000000000000
0000000000011000
0000000000100100
0000000000100100
0000001100011000
0000010010000000
0000100001000000
0001000000100000
0010000000010000
0100000000001000
0000000000000100
0000000000000010
0000000000000000
0000000000000000
0000000000000000
0000000000000000
./リ.bmp
0000000000000000
0000100000010000
0000100000010000
0000100000010000
0000100000010000
0000100000010000
0000100000010000
0000100000010000
0000100000010000
0000000000010000
0000000000100000
0000000000100000
0000000001000000
0000000010000000
0000001100000000
0000000000000000
./フ.bmp
0000000000000000
0000000000000000
0000000000000000
0011111111111100
0000000000000100
0000000000000100
0000000000001000
0000000000001000
0000000000010000
0000000000010000
0000000000100000
0000000001000000
0000000010000000
0000001100000000
0000110000000000
0000000000000000
./ヤ.bmp
0000000000000000
0000010000000000
0000010000000000
0000001000001110
0000001001110010
0000011110000100
0011101000001000
0000000100010000
0000000100100000
0000000010000000
0000000010000000
0000000010000000
0000000001000000
0000000001000000
0000000001000000
0000000000000000
./ッ.bmp
0000000000000000
0000000000000000
0000000000000000
0000000000000000
0000000000000000
0000000000000000
0000001000000000
0001000100010000
0000100100010000
0000100000010000
0000000000100000
0000000000100000
0000000001000000
0000000010000000
0000001100000000
0000000000000000
./メ.bmp
0000000000000000
0000000000001000
0000000000001000
0000000000001000
0000000000001000
0000011000010000
0000000110010000
0000000001010000
0000000000100000
0000000000110000
0000000001001000
0000000010000100
0000000100000000
0000011000000000
0001100000000000
0000000000000000
./セ.bmp
0000000000000000
0000001000000000
0000001000000000
0000001000000000
0000001000011110
0000001111100010
0011111000000100
0000001000001000
0000001000010000
0000001000100000
0000001000000000
0000001000000000
0000000100000000
0000000011111100
0000000000000000
0000000000000000
./ヶ.bmp
0000000000000000
0000000000000000
0000000000000000
0000000000000000
0000001000000000
0000001000000000
0000001000000000
0000011111111100
0000010000100000
0000100000100000
0001000001000000
0000000001000000
0000000010000000
0000000100000000
0000011000000000
0000000000000000
./パ.bmp
0000000000001100
0000000000010010
0000000000010010
0000010001001100
0000010000100000
0000010000010000
0000010000010000
0000100000001000
0000100000001000
0000100000000100
0001000000000100
0001000000000010
0010000000000010
0100000000000010
0000000000000000
0000000000000000
./ス.bmp
0000000000000000
0000000000000000
0000000000000000
0001111111100000
0000000000100000
0000000000100000
0000000001000000
0000000001000000
0000000010000000
0000000011000000
0000000100100000
0000001000010000
0000010000001000
0001100000000100
0110000000000100
0000000000000000
./サ.bmp
0000000000000000
0000010000010000
0000010000010000
0000010000010000
0000010000010000
0111111111111110
0000010000010000
0000010000010000
0000010000010000
0000010000010000
0000010000100000
0000000000100000
0000000001000000
0000000010000000
0000001100000000
0000000000000000
./ォ.bmp
0000000000000000
0000000000000000
0000000000000000
0000000000000000
0000000000000000
0000000001000000
0000000001000000
0000000001000000
0000111111111000
0000000011000000
0000000101000000
0000001001000000
0000010001000000
0000100001000000
0000000011000000
0000000000000000
./ズ.bmp
0000000000000000
0000000000000100
0000000000010010
0001111111101010
0000000000101000
0000000000100000
0000000001000000
0000000001000000
0000000010000000
0000000011000000
0000000100100000
0000001000010000
0000010000001000
0001100000000100
0110000000000100
0000000000000000
./ゼ.bmp
0000000000000010
0000001000001001
0000001000000101
0000001000000100
0000001000011110
0000001111100010
0011111000000100
0000001000001000
0000001000010000
0000001000100000
0000001000000000
0000001000000000
0000000100000000
0000000011111100
0000000000000000
0000000000000000
./ヨ.bmp
0000000000000000
0000000000000000
0001111111111000
0000000000001000
0000000000001000
0000000000001000
0000000000001000
0001111111111000
0000000000001000
0000000000001000
0000000000001000
0000000000001000
0000000000001000
0001111111111000
0000000000001000
0000000000000000
./キ.bmp
0000000000000000
0000000100000000
0000000100000000
0000000100011000
0000000111100000
0001111010000000
0000000010000000
0000000010001110
0000000011110000
0000001101000000
0011110001000000
0000000001000000
0000000001000000
0000000000100000
0000000000100000
0000000000100000
./ヂ.bmp
0000000000000100
0000000000010010
0000000011101010
0001111110001000
0000000010000000
0000000010000000
0000000010000000
0111111111111100
0000000010000000
0000000010000000
0000000010000000
0000000100000000
0000000100000000
0000001000000000
0000110000000000
0000000000000000
./ヅ.bmp
0000000000000010
0000000000001001
0000001000000101
0010000100000100
0001000100001000
0001000100001000
0001000000001000
0000000000010000
0000000000010000
0000000000100000
0000000000100000
0000000001000000
0000000010000000
0000001100000000
0000110000000000
0000000000000000
./ヺ.bmp
0000000000000000
0000000000000000
0000000000000000
0011111111000000
0000000000100000
0000000000100000
0000000000100000
0011111111000000
0000000000000000
0000000000000000
0000000000000000
0000000000000000
0000000000000000
0000100000000000
0000000000000000
0000000000000000
./コ.bmp
0000000000000000
0000000000000000
0000000000000000
0011111111111000
0000000000001000
0000000000001000
0000000000001000
0000000000001000
0000000000001000
0000000000001000
0000000000001000
0000000000001000
0011111111111000
0000000000001000
0000000000000000
0000000000000000
./ロ.bmp
0000000000000000
0000000000000000
0000000000000000
0001111111111100
0001000000000100
0001000000000100
0001000000000100
0001000000000100
0001000000000100
0001000000000100
0001000000000100
0001000000000100
0001111111111100
0001000000000100
0000000000000000
0000000000000000
./ブ.bmp
0000000000000100
0000000000010010
0000000000001010
0011111111111000
0000000000001000
0000000000001000
0000000000010000
0000000000010000
0000000000100000
0000000000100000
0000000001000000
0000000010000000
0000000100000000
0000011000000000
0001100000000000
0000000000000000
./ノ.bmp
0000000000000000
0000000000001000
0000000000001000
0000000000001000
0000000000001000
0000000000010000
0000000000010000
0000000000100000
0000000000100000
0000000001000000
0000000010000000
0000000100000000
0000001000000000
0000110000000000
0011000000000000
0000000000000000
./pattern.txt
0000000000000000
0000000000000000
0000000000000000
0000000000000000
0000000000000000
0000000000000000
0000000000000000
0000000000000000
0000000000000000
0000000000000000
0000000000000000
0000000000000000
0000000000000000
0000000000000000
0000000000000000
0000000000000000
./ド.bmp
0000000000000000
0000001000000100
0000001000010010
0000001000001010
0000001000001000
0000001000000000
0000001000000000
0000001110000000
0000001001100000
0000001000010000
0000001000001000
0000001000000000
0000001000000000
0000001000000000
0000001000000000
0000001000000000
./ア.bmp
0000000000000000
0000000000000000
0000000000000000
0111111111111100
0000000000000100
0000000100000100
0000000100001000
0000000100010000
0000000101100000
0000000100000000
0000000100000000
0000001000000000
0000001000000000
0000010000000000
0001100000000000
0000000000000000
