./ゕ.bmp
0000000000000000
0000000000000000
0000000000000000
0000000000000000
0000000000000000
0000000000000000
0000000000000000
0000000000000000
0000000000000000
0000000000000000
0000000010000000
0000000010000000
0000000000000000
0000000000000000
0000000000000000
0000000000000000
./そ.bmp
0000000000000000
0000011111110000
0000000001000000
0000000010000000
0000000100000000
0000001000000000
0000010000111100
0011111111000000
0000000010000000
0000000100000000
0000001000000000
0000001000000000
0000001000000000
0000000100000000
0000000011100000
0000000000000000
./く.bmp
0000000000100000
0000000000100000
0000000001000000
0000000010000000
0000000100000000
0000001000000000
0000010000000000
0000010000000000
0000001000000000
0000000100000000
0000000010000000
0000000001000000
0000000001000000
0000000000100000
0000000000100000
0000000000000000
./ゑ.bmp
0000000000000000
0001111111000000
0000000010000000
0000001100000000
0000011111000000
0000100000100000
0001000000010000
0000011000010000
0000100100100000
0000100101000000
0000011110000000
0000010000000000
0000111001110000
0011000110001000
0100000000011100
0000000000000000
./ゆ.bmp
0000000000000000
0000000010000000
0010000001000000
0010000011111000
0010001101000100
0010010001000010
0010100001000010
0011000001000010
0011000001000010
0010001001000100
0010000101001000
0010000011110000
0000000001000000
0000000010000000
0000000100000000
0000000000000000
./ょ.bmp
0000000000000000
0000000000000000
0000000000000000
0000000000000000
0000000100000000
0000000100000000
0000000100000000
0000000111100000
0000000100000000
0000000100000000
0000000100000000
0000111100000000
0001000111000000
0001000100110000
0000111000000000
0000000000000000
./む.bmp
0000010000000000
0000010000000000
0000010000000000
0011111110001000
0000010000000100
0000010000000100
0001110000000010
0010010000000010
0010010000010000
0010010000001000
0010100000001000
0001100000001000
0000100000001000
0000100000010000
0000011111100000
0000000000000000
./か.bmp
0000000000000000
0000010000000000
0000010000000000
0000010000010000
0000010000001000
0011111110000100
0000010001000100
0000100001000010
0000100001000010
0000100001000010
0001000001000000
0001000001000000
0010000010000000
0010010010000000
0000001100000000
0000000000000000
./ぼ.bmp
0000000000000010
0001001111111001
0001000000010101
0001000000010100
0001000000010000
0010000000011100
0010001111110000
0010000000010000
0010000000010000
0010000000010000
0010000000010000
0010000111110000
0010101000011100
0001001000010010
0001000111100000
0000000000000000
./や.bmp
0000000001000000
0000000000100000
0001000000010000
0001000000010000
0000100000000000
0000100001111100
0000010110000010
0000111000000010
0111010000000010
0000001000000100
0000001000111000
0000000100000000
0000000100000000
0000000010000000
0000000010000000
0000000010000000
./ぐ.bmp
0000000000100000
0000000000100000
0000000001000100
0000000010010010
0000000100001010
0000001000001000
0000010000000000
0000010000000000
0000001000000000
0000000100000000
0000000010000000
0000000001000000
0000000001000000
0000000000100000
0000000000100000
0000000000000000
./ら.bmp
0000000100000000
0000000010000000
0000000001100000
0000100000000000
0000100000000000
0000100000000000
0000100000000000
0000100011110000
0000101100001000
0000110000000100
0000100000000100
0000000000001000
0000000000010000
0000000001100000
0000001110000000
0000000000000000
./ご.bmp
0000000000000000
0000000000001010
0000011100001010
0000000011111010
0000000000000000
0000000000000000
0000000000000000
0000000000000000
0000000000000000
0001000000000000
0001000000000000
0001000000000000
0000100000000100
0000011111111000
0000000000000000
0000000000000000
./じ.bmp
0000000000000000
0000100000000000
0000100000010000
0000100001001000
0000100000101000
0000100000100000
0000100000000000
0000100000000000
0000100000000000
0000100000000000
0000100000000000
0000100000001000
0000100000010000
0000010001100000
0000001110000000
0000000000000000
./め.bmp
0000000000000000
0000000001000000
0001000001000000
0001000001000000
0001000111110000
0001011010001000
0001100010000100
0001100010000100
0010100100000010
0010010100000010
0100001000000010
0100001000000100
0100110100000100
0011000000001000
0000000000110000
0000000000000000
./き.bmp
0000000100000000
0000000100000000
0000000101110000
0001111110000000
0000000010000000
0000000011111000
0011111101000000
0000000000100000
0000000000100000
0000011111010000
0000100000110000
0001000000000000
0001000000000000
0000110000000000
0000001111000000
0000000000000000
./た.bmp
0000010000000000
0000010000000000
0000010011000000
0011111100000000
0000010000000000
0000100000000000
0000100000011100
0000100011100000
0000100000000000
0001000000000000
0001000000000000
0001000000000000
0010000010000000
0010000010000000
0010000001111110
0000000000000000
./ぇ.bmp
0000000000000000
0000000000000000
0000000000000000
0000000000000000
0000001000000000
0000000110000000
0000000001100000
0000000000000000
0000111111100000
0000000001000000
0000000010000000
0000000100000000
0000011010000000
0000100010000000
0001000010000000
0000000001111000
./ざ.bmp
0000000100000100
0000000100010010
0000000100001010
0001111111111000
0000000010000000
0000000001000000
0000000001000000
0000000000100000
0000011111010000
0000100000110000
0001000000000000
0001000000000000
0000100000000000
0000011000000000
0000000111100000
0000000000000000
./だ.bmp
0000010000000000
0000010000000100
0000010011010010
0011111100001010
0000010000001000
0000100000000000
0000100000011100
0000100011100000
0000100000000000
0001000000000000
0001000000000000
0001000000000000
0010000010000000
0010000010000000
0010000001111110
0000000000000000
./り.bmp
0000000000100000
0000010000010000
0000010000010000
0000010000010000
0000100000010000
0000100000010000
0000100000010000
0000100000010000
0000101000010000
0000010000010000
0000000000100000
0000000000100000
0000000001000000
0000000010000000
0000001100000000
0000000000000000
./べ.bmp
0000000000000000
0000000000000000
0000000000001000
0000000000100100
0000011000010100
0000100100010000
0001000010000000
0010000001000000
0100000000100000
0000000000011000
0000000000000110
0000000000000000
0000000000000000
0000000000000000
0000000000000000
0000000000000000
./は.bmp
0000000000010000
0001000000010000
0001000000010000
0001000000010000
0001000000011110
0010001111110000
0010000000010000
0010000000010000
0010000000010000
0010000000010000
0010000000010000
0010000111110000
0010101000011100
0001001000010010
0001000111100000
0000000000000000
./ん.bmp
0000000010000000
0000000010000000
0000000100000000
0000000100000000
0000001000000000
0000001000000000
0000001000000000
0000010110000000
0000011001000000
0000110001000000
0000100001000000
0001000001000001
0001000001000010
0010000000100100
0010000000011000
0000000000000000
./る.bmp
0000000000000000
0000011111100000
0000000001000000
0000000010000000
0000000100000000
0000001000000000
0000011111100000
0000110000010000
0001000000001000
0010000000000100
0000000000000100
0000001100000100
0000010010001000
0000010001110000
0000001111000000
0000000000000000
./ぺ.bmp
0000000000000000
0000000000000000
0000000000011000
0000000000100100
0000000000100100
0000011000011000
0000100100000000
0001000010000000
0010000001000000
0100000000100000
0000000000011000
0000000000000110
0000000000000000
0000000000000000
0000000000000000
0000000000000000
./れ.bmp
0000010000000000
0000010000000000
0000010000000000
0000010011100000
0000110100010000
0111011000010000
0000010000010000
0000010000010000
0000010000010000
0000110000010000
0000110000010000
0001010000010001
0010010000010010
0100010000001100
0000010000000000
0000000000000000
./ね.bmp
0000100000000000
0000100000000000
0000100000000000
0000110001110000
0111100010001000
0000100100000100
0000101000000100
0000110000000100
0000100000000100
0001100000000100
0001100000111100
0010100001000100
0100100001000110
0000100000111000
0000100000000000
0000000000000000
./ゅ.bmp
0000000000000000
0000000000000000
0000000000000000
0000000000000000
0000000010000000
0001000010000000
0001000111100000
0001001010010000
0001010010001000
0001100010001000
0001100010001000
0001001010010000
0001000111100000
0000000010000000
0000000100000000
0000001000000000
./つ.bmp
0000000000000000
0000000000000000
0000000000000000
0000000011100000
0000011100011000
0111100000000100
0000000000000010
0000000000000010
0000000000000010
0000000000000100
0000000000001000
0000000000110000
0000000111000000
0000000000000000
0000000000000000
0000000000000000
./ぷ.bmp
0000000000001100
0000001000010010
0000000111010010
0000000001001100
0000000010000000
0000000100000000
0000000100000000
0000000010001000
0001000001000100
0001000001000010
0010000000100001
0010000000100001
0100000000100000
0000010001000000
0000001110000000
0000000000000000
./ふ.bmp
0000000000000000
0000001000000000
0000000111000000
0000000001000000
0000000010000000
0000000100000000
0000000100000000
0000000010001000
0001000001000100
0001000001000010
0010000000100001
0010000000100001
0100000000100000
0000010001000000
0000001110000000
0000000000000000
./ち.bmp
0000001000000000
0000001000000000
0000001000000000
0011111111110000
0000001000000000
0000010000000000
0000010000000000
0000010011110000
0000101100001000
0000110000000100
0000100000000100
0000000000000100
0000000000001000
0000000000110000
0000001111000000
0000000000000000
./が.bmp
0000010000000000
0000010000001010
0000010000001010
0000010000010010
0000010000001000
0011111110000100
0000010001000100
0000100001000010
0000100001000010
0000100001000010
0001000001000000
0001000001000000
0010000010000000
0010010010000000
0000001100000000
0000000000000000
./ゖ.bmp
0000000000000000
0000000000000000
0000000000000000
0000000000000000
0000000000000000
0000000000000000
0000000000000000
0001000001000000
0001001001000000
0001000000000000
0001000000000000
0001000001000000
0000000000000000
0000000000000000
0000000000000000
0000000000000000
./a.out
1011110000000001
1111010110110101
1001111111111111
1011010110111101
1011110111111100
1011110111110101
1111110111011101
1011110110111101
1011110110110101
1101010110111101
1011011110111111
1011110110111101
1111110110111111
1111110111011111
1011110110111101
0101110111111101
./え.bmp
0000001000000000
0000000100000000
0000000011000000
0000000000000000
0000111111110000
0000000000100000
0000000001000000
0000000010000000
0000000100000000
0000001110000000
0000010001000000
0000100001000000
0001000001000000
0010000000100000
0000000000011100
0000000000000000
./ま.bmp
0000000001000000
0000000001000000
0001111111111100
0000000001000000
0000000001000000
0000000001111000
0001111111000000
0000000001000000
0000000001000000
0000000001000000
0000011111000000
0000100001110000
0001000001001100
0001100001000000
0000011110000000
0000000000000000
./げ.bmp
0000000000010010
0001000000011001
0001000000010101
0001000000010100
0001000000011110
0010001111110000
0010000000010000
0010000000010000
0010000000010000
0010000000010000
0010100000010000
0001000000010000
0001000000010000
0000000000100000
0000000011000000
0000000000000000
./せ.bmp
0000000000000000
0000000000100000
0000010000100000
0000010000100000
0000010000111110
0000011111100000
0111110000100000
0000010000100000
0000010000100000
0000010000100000
0000010001000000
0000010000000000
0000001000000000
0000000111111000
0000000000000000
0000000000000000
./で.bmp
0000000000000000
0000000000001110
0000001111110000
0111110000100010
0000000001001001
0000000010000101
0000000010000100
0000000100000000
0000000100000000
0000000100000000
0000000100000000
0000000010000000
0000000001000000
0000000000111000
0000000000000000
0000000000000000
./ぎ.bmp
0000000100000100
0000000100010010
0000000101111010
0001111110001000
0000000010000000
0000000011111000
0011111101000000
0000000000100000
0000000000100000
0000011111010000
0000100000110000
0001000000000000
0001000000000000
0000110000000000
0000001111000000
0000000000000000
./ず.bmp
0000000001000010
0000000001001001
0000000001111101
0011111111000100
0000000001000000
0000000001000000
0000001101000000
0000010011000000
0000010001000000
0000010001000000
0000010011000000
0000001101000000
0000000001000000
0000000001000000
0000000010000000
0000001100000000
./ぜ.bmp
0000000000000000
0000000000100010
0000010000101001
0000010000100101
0000010000111100
0000011111100000
0111110000100000
0000010000100000
0000010000100000
0000010000100000
0000010001000000
0000010000000000
0000001000000000
0000000111111000
0000000000000000
0000000000000000
./ぬ.bmp
0000000000000000
0000000010000000
0001000010000000
0001000010000000
0001001111110000
0001110010001000
0001000010000100
0001000010000010
0010100100000010
0010100100000010
0100011000000010
0100010000111010
0100101001000100
0011000001000100
0000000000111010
0000000000000000
./ぱ.bmp
0000000000010110
0001000000011001
0001000000011001
0001000000010110
0001000000011110
0001001111110000
0010000000010000
0010000000010000
0010000000010000
0010000000010000
0010000000010000
0010000111110000
0010101000011100
0001001000010010
0001000111100000
0000000000000000
./ひ.bmp
0000000000000000
0000000100000000
0000111100000000
0111001000010000
0000010000010000
0000100000011000
0001000000011000
0001000000010100
0010000000010010
0010000000010000
0010000000010000
0010000000100000
0001000000100000
0000100011000000
0000011100000000
0000000000000000
./ぢ.bmp
0000001000000100
0000001000010010
0000001000001010
0011111111111000
0000001000000000
0000010000000000
0000010000000000
0000010011110000
0000101100001000
0000110000000100
0000100000000100
0000000000000100
0000000000001000
0000000000110000
0000001111000000
0000000000000000
./ゃ.bmp
0000000000000000
0000000000000000
0000000000000000
0000000000000000
0000000011000000
0000100000100000
0000100000000000
0000010011110000
0000011100001000
0000110000001000
0011001000010000
0000001001100000
0000000100000000
0000000100000000
0000000100000000
0000000000000000
./ぅ.bmp
0000000000000000
0000000000000000
0000000000000000
0000000100000000
0000000011000000
0000000000000000
0000000000000000
0000000111100000
0000011000010000
0000000000010000
0000000000010000
0000000000100000
0000000000100000
0000000001000000
0000000110000000
0000000000000000
./を.bmp
0000000100000000
0000000100000000
0000000111100000
0001111100000000
0000001000000000
0000001000000110
0000011110011000
0000100001100000
0001000011000000
0010000101000000
0000001001000000
0000010001000000
0000010000000000
0000001000000000
0000000111111000
0000000000000000
./て.bmp
0000000000000000
0000000000001110
0000001111110000
0111110000100000
0000000001000000
0000000010000000
0000000010000000
0000000100000000
0000000100000000
0000000100000000
0000000100000000
0000000010000000
0000000001000000
0000000000111000
0000000000000000
0000000000000000
./ゎ.bmp
0000000000000000
0000000000000000
0000000000000000
0000000000000000
0000010000000000
0000010000000000
0000010000000000
0000011011100000
0001110100010000
0000011000001000
0000010000001000
0000110000001000
0001010000010000
0000010001100000
0000010000000000
0000010000000000
./ぽ.bmp
0000000000000110
0001001111111001
0001000000011001
0001000000010110
0001000000010000
0010000000011100
0010001111110000
0010000000010000
0010000000010000
0010000000010000
0010000000010000
0010000111110000
0010101000011100
0001001000010010
0001000111100000
0000000000000000
./う.bmp
0000001100000000
0000000011000000
0000000000000000
0000000000000000
0000001111100000
0001110000010000
0000000000001000
0000000000001000
0000000000001000
0000000000010000
0000000000010000
0000000000100000
0000000001000000
0000000110000000
0000011000000000
0000000000000000
./ゔ.bmp
0000000000000000
0000000000000000
0000100000000000
0000000000000000
0000000000000000
0000000000000000
0000001110000000
0000000000000000
0000000000000000
0000000000100000
0000000000000000
0000000000000000
0000000000000000
0000000000000000
0000001000000000
0000000000000000
./こ.bmp
0000000000000000
0000000000000000
0000011100000000
0000000011111000
0000000000000000
0000000000000000
0000000000000000
0000000000000000
0000000000000000
0001000000000000
0001000000000000
0001000000000000
0000100000000100
0000011111111000
0000000000000000
0000000000000000
./み.bmp
0000000000000000
0000000000000000
0001111110000000
0000000010000000
0000000010000000
0000000100001000
0000000100001000
0000000100001000
0000011111101000
0001101000011100
0010001000010010
0100010000010000
0100100000100000
0011000000100000
0000000001000000
0000000000000000
./ほ.bmp
0000000000000000
0001001111111100
0001000000010000
0001000000010000
0001000000010000
0010000000011100
0010001111110000
0010000000010000
0010000000010000
0010000000010000
0010000000010000
0010000111110000
0010101000011100
0001001000010010
0001000111100000
0000000000000000
./と.bmp
0000000000000000
0000010000000000
0000010000000000
0000001000000000
0000001000000000
0000000100001100
0000000100110000
0000000011000000
0000000100000000
0000001000000000
0000010000000000
0000100000000000
0000100000000000
0000010000000000
0000001111111100
0000000000000000
./ぴ.bmp
0000000000000110
0000000100001001
0000111100001001
0111001000010110
0000010000010000
0000100000011000
0001000000011000
0001000000010100
0010000000010010
0010000000010000
0010000000010000
0010000000100000
0001000000100000
0000100011000000
0000011100000000
0000000000000000
./ゐ.bmp
0000000000000000
0000111110000000
0000000010000000
0000000010000000
0000000010000000
0000000010000000
0000001111110000
0000110100001000
0001000100000100
0010001000000010
0100001000000010
0100010001110010
0100100010001100
0011000010001010
0000000001110000
0000000000000000
./ぶ.bmp
0000000000000000
0000001000000100
0000000111010010
0000000001001010
0000000010001000
0000000100000000
0000000100000000
0000000010001000
0001000001000100
0001000001000010
0010000000100001
0010000000100001
0100000000100000
0000010001000000
0000001110000000
0000000000000000
./ぁ.bmp
0000000000000000
0000000000000000
0000000000000000
0000001000000000
0000001011000000
0000111100000000
0000001001000000
0000001111100000
0000011001010000
0000101010001000
0001001010001000
0001001100001000
0001001000010000
0000110000100000
0000000011000000
0000000000000000
./ぞ.bmp
0000000000000100
0000011111110010
0000000001001010
0000000010001000
0000000100000000
0000001000000000
0000010000111100
0011111111000000
0000000010000000
0000000100000000
0000001000000000
0000001000000000
0000001000000000
0000000100000000
0000000011100000
0000000000000000
./も.bmp
0000001000000000
0000001000000000
0000001000000000
0001111111000000
0000001000000000
0000001000000000
0000010001100000
0011111110000000
0000010000000000
0000010000000100
0000010000000100
0000010000000100
0000001000001000
0000000100010000
0000000011100000
0000000000000000
./に.bmp
0000000000000000
0001000000000000
0001000000000000
0001000000111000
0001000111000000
0010000000000000
0010000000000000
0010000000000000
0010000000000000
0010000000000000
0010001000000000
0010001000000000
0010000110000000
0010100001111100
0001000000000000
0000000000000000
./し.bmp
0000000000000000
0000100000000000
0000100000000000
0000100000000000
0000100000000000
0000100000000000
0000100000000000
0000100000000000
0000100000000000
0000100000000000
0000100000000000
0000100000001000
0000100000010000
0000010001100000
0000001110000000
0000000000000000
./さ.bmp
0000000010000000
0000000010000000
0000000010001100
0000111111110000
0000000001000000
0000000000100000
0000000000100000
0000000000010000
0000001111101000
0000010000011000
0000100000000000
0000100000000000
0000010000000000
0000001100000000
0000000011110000
0000000000000000
./づ.bmp
0000000000000010
0000000000001001
0000000000000101
0000000011100100
0000011100011000
0111100000000100
0000000000000010
0000000000000010
0000000000000010
0000000000000100
0000000000001000
0000000000110000
0000000111000000
0000000000000000
0000000000000000
0000000000000000
./ぉ.bmp
0000000000000000
0000000000000000
0000000000000000
0000000000000000
0000001000000000
0000001000010000
0000001111001000
0001111000001000
0000001000000000
0000001111100000
0000011000010000
0000101000001000
0001001000001000
0001001000010000
0000110001100000
0000000000000000
./ぃ.bmp
0000000000000000
0000000000000000
0000000000000000
0000000000000000
0000000000000000
0000000000000000
0000010000000000
0000010000010000
0000100000001000
0000100000001000
0000100000000100
0000100000000100
0000100100000100
0000010100000000
0000001000000000
0000000000000000
./わ.bmp
0000100000000000
0000100000000000
0000100000000000
0000111000000000
0001110000000000
0110100011110000
0000101100001000
0000110000000100
0000100000000010
0001100000000010
0010100000000100
0100100000000100
0000100000011000
0000100001100000
0000100000000000
0000000000000000
./っ.bmp
0000000000000000
0000000000000000
0000000000000000
0000000000000000
0000000000000000
0000000000000000
0000000000000000
0000000000000000
0000000111110000
0000111000001000
0000000000001000
0000000000001000
0000000000010000
0000000001100000
0000000110000000
0000000000000000
./へ.bmp
0000000000000000
0000000000000000
0000000000000000
0000000000000000
0000011000000000
0000100100000000
0001000010000000
0010000001000000
0100000000100000
0000000000011000
0000000000000110
0000000000000000
0000000000000000
0000000000000000
0000000000000000
0000000000000000
./す.bmp
0000000001000000
0000000001000000
0000000001111110
0011111111000000
0000000001000000
0000000001000000
0000001101000000
0000010011000000
0000010001000000
0000010001000000
0000010011000000
0000001101000000
0000000001000000
0000000001000000
0000000010000000
0000001100000000
./び.bmp
0000000000000000
0000000100000010
0000111100001001
0111001000010101
0000010000010100
0000100000011000
0001000000011000
0001000000010100
0010000000010010
0010000000010000
0010000000010000
0010000000100000
0001000000100000
0000100011000000
0000011100000000
0000000000000000
./ば.bmp
0000000000010000
0001000000010101
0001000000010101
0001000000010101
0001000000011110
0001001111110000
0010000000010000
0010000000010000
0010000000010000
0010000000010000
0010000000010000
0010000111110000
0010101000011100
0001001000010010
0001000111100000
0000000000000000
./の.bmp
0000000000000000
0000000000000000
0000000111100000
0000011010010000
0000100010001000
0001000010000100
0001000010000100
0010000100000010
0010000100000010
0010001000000100
0010010000000100
0001100000001000
0000000000010000
0000000001100000
0000000000000000
0000000000000000
./お.bmp
0000001000000000
0000001000000000
0000001000011000
0000001111000100
0011111000000010
0000001000000001
0000001000000000
0000001111100000
0000111000011000
0001001000000100
0010001000000100
0010001000000100
0010010000001000
0001100000110000
0000000011000000
0000000000000000
./ろ.bmp
0000000000000000
0000011111100000
0000000000100000
0000000001000000
0000000010000000
0000000100000000
0000001111110000
0000011000001000
0000100000000100
0001000000000100
0000000000000100
0000000000001000
0000000000010000
0000000001100000
0000000110000000
0000000000000000
./よ.bmp
0000000010000000
0000000010000000
0000000010000000
0000000010001100
0000000011110000
0000000010000000
0000000010000000
0000000010000000
0000000010000000
0000000010000000
0000111110000000
0011000011100000
0010000010011000
0010000100000100
0001111000000000
0000000000000000
./け.bmp
0000000000010000
0001000000010000
0001000000010000
0001000000010000
0001000000011110
0010001111110000
0010000000010000
0010000000010000
0010000000010000
0010000000010000
0010100000010000
0001000000010000
0001000000010000
0000000000100000
0000000011000000
0000000000000000
./ど.bmp
0000000000000000
0000100000000100
0000100000010010
0000010000001010
0000010000001000
0000001000011000
0000001001100000
0000000110000000
0000001000000000
0000010000000000
0000100000000000
0001000000000000
0001000000000000
0000100000000000
0000011111111000
0000000000000000
./あ.bmp
0000001000000000
0000001000000000
0000001001100000
0001111110000000
0000001000000000
0000001001000000
0000001111110000
0000010001001000
0000110001000100
0001010010000010
0010010010000010
0010001100000010
0010010100000100
0001100000011000
0000000001100000
0000000000000000
./い.bmp
0000000000000000
0000000000000000
0000000000000000
0001000000000000
0001000000010000
0001000000001000
0010000000000100
0010000000000100
0010000000000010
0010000000000010
0010000000000010
0001001000000010
0001001000000000
0000110000000000
0000000000000000
0000000000000000
./pattern.txt
0000000000000000
0000000000000000
0000000000000000
0000000000000000
0000000000000000
0000000000000000
0000000000000000
0000000000000000
0000000000000000
0000000000000000
0000000000000000
0000000000000000
0000000000000000
0000000000000000
0000000000000000
0000000000000000
./な.bmp
0000010000000000
0000010000000000
0000011110000000
0011110000011000
0000010000000100
0000100000100010
0000100000100000
0000100000100000
0001000000100000
0001000000100000
0010000000100000
0000001111100000
0000010000111000
0000010000100100
0000001111000000
0000000000000000
